WER: 18.667874168075755
CER: 5.114224337070599