WER: 23.624493709527233 
CER: 6.780666687444002   